4,817220 3,203670 G1II
6,984390 4,592870 B4I
3,998760 5,586930 F7I
2,062270 4,403490 VII
5,700810 4,783820 A9II
3,922430 5,995140 O9V
4,239510 3,610780 VII
1,326310 4,316430 VII
7,100320 4,975760 VII
5,612680 4,527730 VII
3,104260 5,583580 B3II
7,500820 5,157520 M1I
7,707290 4,910590 VII
4,714500 3,214110 M4I
3,138020 5,097560 G7IV
1,746660 4,295550 B6VI
1,932520 5,236090 VII
7,113910 5,512380 K9III
5,138410 4,289120 M3I
6,966270 5,112160 VII
4,068340 5,475280 K9V
7,504900 5,239120 K6I
6,297340 4,313020 A3I
6,845490 5,031090 G2IV
1,013010 4,774030 K2III
4,406360 3,787290 K7III
1,510840 4,588930 K5III
6,185600 3,966460 M4I
3,916580 6,460440 O9V
2,567970 4,794750 K1III
2,116160 4,723620 K9III
4,084440 3,591960 G8I
2,279710 5,423150 G5II
3,342360 6,018480 G2IV
4,285810 5,900820 K3V
5,340180 4,370520 G5II
7,007430 5,414730 F8II
3,502520 6,033400 B2II
5,586080 4,729430 K4III
7,563480 4,969960 O2I
7,232590 5,088800 G6III
7,473850 5,197390 VII
1,195580 4,240660 K8III
4,133640 3,280060 F8I
6,315260 4,734370 O3V
4,879600 3,296300 O9III
7,195610 5,288000 K8III
1,835760 4,609870 F3II
6,049400 4,231870 F7III
3,461290 5,365750 G0IV
4,980850 3,728510 O7I
4,091270 5,644280 O3VI
5,463460 4,306140 K0V
6,686900 4,543580 VII
6,360530 5,124190 A4V
6,935580 5,418650 F9IV
7,195300 5,142260 G2V
3,904450 5,790540 G4V
5,668710 4,154270 O2I
5,047540 4,336960 K1VI
7,663240 4,979660 B5VI
7,334870 4,608320 VII
4,885280 3,304400 B9II
4,513550 3,888560 M3III
5,970470 4,314980 A1III
5,909190 3,801980 B3VI
7,300750 5,398890 O3V
3,800630 5,903700 G3VI
4,001710 5,540020 O5I
6,843640 4,867430 G4IV
3,479550 6,206010 F5I
2,331670 4,819790 K6III
4,388820 6,048770 M2I
4,319070 6,501920 K7V
6,559140 4,730660 B4VI
4,143190 6,000630 VII
2,864950 5,716410 A8IV
4,509560 3,173740 VII
2,169540 4,536070 K3III
5,763880 4,805880 M5V
2,938980 5,409100 VII
2,282940 5,297220 O7V
4,912660 3,915370 O3V
2,094090 5,384000 VII
4,681410 3,232950 M2VI
4,140800 3,132800 K8VI
6,733550 4,379600 G2VI
2,324830 4,452900 G1III
3,796160 5,965430 O0V
4,441950 5,812970 O1V
4,274720 6,342910 M1V
1,445040 5,003060 F4VI
1,771030 4,362240 K4III
4,827250 3,191200 K5III
1,795750 4,468970 G7II
5,726340 4,801390 K9III
4,386380 2,906750 B5II
1,195530 4,886120 G9III
1,527240 4,178330 F5I
5,290270 4,554700 M5V
2,015320 5,094220 VII
3,236380 5,679020 G5IV
7,471620 5,220540 M4I
5,432020 3,688370 K9III
3,514530 6,018720 G9V
3,857960 5,571930 K6III
1,178300 4,762720 F1I
1,974390 4,918380 A9IV
1,443650 4,998340 O3V
6,012020 4,601510 O2V
6,789680 5,011420 B7VI
3,247370 5,632530 M0VI
4,689230 4,103970 K6I
2,349210 5,361390 M5I
7,350480 5,260160 VII
2,597240 5,585710 B1II
1,251200 4,863640 F0II
3,298500 5,127600 VII
5,397870 4,548550 K5III
4,579250 3,767200 VII
5,891000 4,582070 K9II
2,796720 5,246050 G2VI
5,753240 4,382480 VII
2,910940 5,339510 F5V
4,486720 4,089300 K3VI
1,592450 4,874620 G1III
5,526530 4,704530 G2IV
1,865220 4,883300 G8IV
1,287950 4,983400 O3VI
2,185820 5,507310 G8III
0,820810 4,719280 F5II
2,604320 5,424270 O8I
3,287810 6,080480 O7V
7,122010 4,750330 B2VI
5,341650 3,611390 O9V
2,894130 5,864820 K7III
1,448310 4,123880 VII
3,222560 5,794390 K5III
7,280740 5,505980 F1I
7,111320 5,249170 M5I
6,226620 4,040820 A9I
4,421940 3,309380 M0I
7,228010 5,152720 M3VI
1,405770 4,459320 B9VI
2,171050 5,027310 K4V
7,312320 4,598150 K2I
6,980010 4,772510 B1VI
1,677360 4,958680 G3IV
5,978990 4,646480 A1II
2,247250 5,351090 F2IV
1,314090 4,229230 G4VI
2,149020 5,154380 G0IV
7,570000 5,100840 M0I
3,486280 5,913770 O4VI
4,228280 2,988820 K6V
5,493040 4,280010 O9V
1,999240 4,914900 O6VI
3,333540 5,090010 O6V
3,349690 6,127890 A7V
2,158760 5,240920 M1III
4,267570 6,568900 M1II
4,770710 3,270070 M1III
5,053760 3,636510 M4VI
4,421410 3,941270 K3V
4,424810 2,937770 VII
4,729420 4,150510 B5V
1,759890 4,333180 M2V
4,728020 3,315870 G0VI
5,029220 3,378460 O3V
4,237620 3,177640 B3VI
5,214330 3,772750 G7VI
5,936780 4,398570 F0III
3,957990 6,078150 K8III
4,866130 3,457880 K1I
6,936150 4,927870 K9III
4,145850 3,797690 M1III
4,154510 3,627940 G0II
3,462920 5,585650 G2V
2,044480 5,152020 K7V
5,595630 4,288440 G7I
6,859870 5,386260 K5III
1,382590 5,043350 K3I
1,336420 3,889700 K9III
6,794660 4,389200 B5VI
2,132450 4,601350 K9VI
2,183820 4,899930 VII
1,984870 5,380940 O4V
2,056090 4,720030 G1IV
7,210960 4,664980 K1III
4,825330 3,728210 O4V
1,868440 4,481470 VII
4,817290 3,810630 A3I
5,401180 4,538770 K9I
1,670330 4,333190 B3VI
4,981640 3,463240 B2III
2,908740 4,904440 G1III
6,553650 4,308850 F1II
3,927600 3,582290 K9V
4,304620 3,615440 A5I
1,292080 4,464010 A4I
7,200320 4,841070 G0VI
5,297400 4,219490 M4III
6,411980 4,896750 G2III
5,985260 4,404880 O6I
6,220330 4,056570 O6I
4,126340 5,733960 O6VI
6,672000 5,161080 VII
1,330900 4,724560 K1V
4,528270 3,360410 K1II
5,906900 4,230780 K5III
2,809280 5,316450 G6IV
3,969110 5,668880 A6I
3,641800 5,424180 O5V
7,117810 4,582940 K9VI
5,926250 4,416050 G4IV
5,126650 4,118240 K5III
3,559060 6,017460 A6II
2,985310 5,693210 B8IV
5,347100 4,048430 M1IV
7,326820 5,250710 M4I
6,650080 4,747040 VII
6,626780 5,285940 M2I
7,662070 4,957900 K7II
5,238970 3,472150 M5V
1,862040 4,380510 VII
3,077750 5,219180 K3I
2,783290 5,512360 K9V
3,680620 5,985900 O6V
3,908510 5,564360 O3VI
4,675200 3,332200 O8V
4,542780 3,139420 B8VI
1,646060 4,622120 F4III
2,801710 5,032420 M1I
3,299420 5,358670 F1II
5,309900 4,223600 A6I
3,261970 5,375060 G7IV
1,272900 4,711450 B3I
4,555890 4,024840 B2VI
5,909100 4,554550 B4VI
7,548970 4,779930 A3I
2,481350 4,692230 F1IV
1,556650 4,064930 VII
2,115570 5,096420 B1II
4,620970 5,819470 M4VI
1,688790 4,112360 F3I
4,276900 6,490920 A8I
6,145170 5,000750 O9I
4,675120 5,944170 G3IV
6,288000 4,099300 O6V
2,065140 4,504010 VII
4,305130 6,344190 A3I
5,180960 3,575820 G8VI
5,053120 4,213980 O9V
7,005540 4,566140 G3IV
4,430610 6,134020 A5IV
4,714120 5,919330 M5VI
4,112660 3,702810 M0III
1,092610 4,257980 M1III
4,546590 3,073840 VII
4,007530 6,418280 VII
4,295800 2,918950 O3V
5,368330 3,569060 G6VI
1,521750 4,491540 B7I
1,880130 4,855660 O4I
7,358440 5,395020 B8I
4,980050 4,339180 F6V
4,962750 3,413720 M0II
3,123590 5,914650 K0III
1,950960 4,703930 F7I
4,712720 3,610900 M1III
5,555360 3,650650 VII
1,797720 4,249380 K0III
4,542440 4,108700 A8II
4,355900 3,157940 B2VI
4,512240 6,249950 VII
6,243240 4,653860 A7VI
2,577340 5,276410 M4I
1,609670 4,455510 F3I
2,547880 4,608190 O5V
5,736500 4,511600 G4II
6,337690 4,951550 G0IV
4,963920 3,613560 G5III
6,919330 5,204890 M1VI
2,167950 4,791550 G2IV
7,100290 5,385290 G6VI
2,592050 5,511250 A6I
1,982320 5,072140 VII
2,188510 5,064320 O6V
4,181100 3,659730 F6I
6,674090 4,231350 O5V
4,899110 3,919880 G5IV
1,122040 4,604870 G1I
1,111920 4,803910 O6I
5,882010 3,884570 M1II
6,155730 3,973410 K3IV
4,732580 3,460880 F0IV
6,290690 4,309210 G0IV
4,427090 3,450330 G7VI
4,006970 6,473530 M2V
4,915800 4,043880 G6V
5,223180 4,112930 O2V
2,642900 5,149920 VII
7,265330 5,433370 G2IV
5,682270 4,619140 B3I
4,507690 3,349030 O6I
7,407970 5,177950 K7I
7,591200 5,109040 B1VI
3,598100 5,576910 G7IV
2,227200 4,980990 K3I
4,086320 6,124850 A3I
5,152790 3,751410 O4I
3,705390 6,306940 VII
3,313480 5,386370 VII
3,720760 5,831860 G6V
6,211300 3,965930 M1V
1,833320 5,069050 O3V
2,194240 4,902350 F3III
6,429450 4,224220 B0II
6,772470 5,420630 G4III
5,268250 4,549200 K9I
6,531210 4,792250 A0VI
1,865160 5,027710 K6III
6,702020 4,865220 B1III
1,370180 4,018030 M1I
4,165770 3,642890 K8III
2,763190 4,877930 G1IV
4,749700 3,428760 G9IV
7,372760 4,908900 M4II
2,870820 5,771100 M5VI
5,522490 4,010950 B4VI
6,124620 4,172540 B6VI
6,307630 4,316610 K2IV
6,880750 4,349310 G3I
3,470990 5,191090 A7II
4,617820 3,836220 F9II
3,461710 5,936940 VII
1,243180 4,554620 G2IV
6,958030 4,713150 O0V
6,201560 3,955380 B9I
6,686080 5,320690 M2VI
5,655370 4,253080 K0VI
4,980120 3,930180 VII
6,609200 4,594220 VII
1,871140 5,318860 B4III
5,203900 4,281350 A2III
4,653900 3,891310 VII
6,234190 5,080930 B7VI
4,869190 4,240780 F9II
1,263660 4,081880 B4VI
1,745100 4,171630 O5V
3,215420 6,072830 M1III
3,792810 5,808420 VII
6,851550 4,330590 G1V
3,898680 6,176610 O8VI
2,576840 5,210050 G4IV
6,167210 4,847460 M0I
7,210180 5,513760 O6V
5,631600 4,591710 G8IV
3,487780 5,771430 M2V
5,960510 4,830690 A7II
5,317240 4,036020 F7VI
4,051590 3,779640 F6II
4,895790 3,327300 M3V
5,253830 4,036780 VII
2,971500 5,479480 O2V
7,321550 4,948050 VII
2,795880 5,572570 B2VI
1,682410 4,662510 O3I
5,931940 4,704940 M5VI
2,264890 4,767490 O7I
5,511070 4,540240 VII
6,834890 4,947980 G4II
3,961690 5,439210 M2II
5,341690 3,592400 M2III
6,919610 4,673750 VII
4,422150 3,236230 F1II
7,055390 5,320560 K9III
2,650640 5,528960 O6V
4,320540 3,743930 O8III
1,722080 5,195140 K7III
1,575080 4,336740 VII
1,043980 4,736480 K2III
6,572940 4,536590 M4III
2,254930 4,462890 G5I
6,179420 4,449070 O7V
5,929310 4,799950 O4V
3,147940 5,621890 O2VI
3,859050 6,198830 B8III
2,760330 5,759250 K4III
4,124910 5,515150 O5VI
6,946540 5,211570 B6II
5,226240 4,314680 K7VI
2,957040 5,279120 O5III
3,491060 5,757430 O5V
1,420520 4,086490 K9III
4,415440 5,918230 K4II
3,473770 5,924520 VII
2,675880 5,549220 O8V
6,619920 4,752940 A5II
2,723070 4,816110 K3III
5,030000 3,433730 VII
7,127590 4,484370 A8III
4,447180 3,072160 A2VI
2,630050 5,489920 VII
4,618600 3,927510 F6I
3,626470 6,178880 B4VI
5,638450 4,699200 K1II
4,147130 6,359870 O7VI
7,205940 4,730720 K7III
3,892360 5,388700 K5III
6,413000 4,078050 G3VI
4,131340 6,305060 F7IV
2,432780 5,334180 G6IV
2,039130 4,697230 G3IV
5,863780 3,935100 VII
5,109410 4,172180 M0V
6,721880 4,924390 VII
1,711040 4,733300 O3VI
4,313620 5,974860 B8III
2,877390 5,430750 F5II
2,208900 5,135870 A5I
5,518040 4,584510 VII
3,084600 5,474300 VII
5,181990 3,497170 K3II
7,192700 4,622840 G7VI
3,936170 6,220490 VII
6,146690 5,016120 M2III
1,612350 4,454470 G7VI
1,181380 4,445350 G5III
4,517770 3,889080 O7VI
4,672920 3,264920 O0V
4,809480 4,094440 G3VI
6,208800 3,975850 B9VI
4,537630 3,307650 K1III
2,674190 5,705780 K8I
1,963450 4,851750 O3I
7,309740 5,260600 B4VI
3,923910 6,398170 G8II
1,653350 4,905340 B2I
4,622970 3,843140 G3IV
1,111760 4,629430 K9VI
1,834880 4,754240 M3V
2,924640 4,840520 B8III
1,433970 4,580660 VII
3,545390 6,226030 B9III
4,971980 4,263860 VII
5,299350 3,756490 K0V
3,815680 6,226110 B5VI
7,468190 4,753410 A0I
2,452570 5,588520 F9I
5,553820 3,963090 K0III
4,293870 3,161030 B1II
6,081610 4,719560 K8III
2,347740 5,399950 M3V
4,280920 3,146010 A2I
4,665510 3,507820 K5VI
5,160590 3,569600 B0IV
5,991780 4,328120 O6I
5,910010 4,904350 B0VI
6,220380 4,973210 K9III
6,113740 4,060550 O3V
3,019570 5,169640 G4V
6,627830 4,433320 O9VI
4,357280 3,945780 O5V
2,698770 4,922130 O5V
4,796930 3,983860 G0IV
6,000290 4,332470 K6IV
3,287550 6,019650 G7V
4,310280 3,218880 B2V
4,306770 3,466370 A9II
2,042760 4,309160 M3IV
4,068260 3,824360 VII
6,217800 5,059340 G1IV
6,502150 4,511020 B5VI
5,313350 4,200890 VII
4,582910 4,139640 VII
6,327100 4,969280 VII
6,689710 5,323980 M0V
4,397790 5,795520 G0IV
2,395210 5,300020 G8III
7,399750 4,943810 B2I
6,427550 4,821130 VII
4,057700 3,270850 K6III
7,202080 5,180030 G4VI
5,684030 3,708420 O2V
6,904610 4,840970 F7IV
3,951040 5,430260 M4III
1,592370 4,275940 K5III
7,067340 5,301630 A6IV
6,424630 5,011300 VII
3,646470 6,301630 O7V
3,783010 6,209140 K6II
3,882690 6,425630 G0IV
4,369890 3,411950 B9II
2,271140 4,799350 M3IV
2,689190 4,687460 K9III
2,569620 4,948770 G2II
4,490590 3,769050 VII
2,835650 4,884180 A7I
4,466760 6,042550 M2VI
3,556040 5,187340 O4V
4,527530 3,315060 B4VI
4,847010 4,194590 O2VI
3,868870 3,596410 VII
2,560270 4,635170 B2I
3,801050 6,026870 G6IV
0,835540 4,712070 F8IV
5,449570 3,664970 VII
5,551630 4,674990 VII
7,234000 4,724880 G1IV
0,922360 4,703510 K5VI
3,840400 3,670100 G1IV
4,367650 6,392790 VII
4,023490 5,830400 K8III
4,294180 6,437610 B2VI
2,772420 4,792980 G3V
6,363680 4,520570 F9IV
2,947470 5,371710 O3I
3,424160 6,151020 B5II
4,376130 3,606390 O2I
1,068630 4,295770 A1III
6,267650 4,793790 F0IV
0,919770 4,538550 G8V
4,731400 4,203150 G7I
4,680690 3,711700 A1II
4,122200 5,481750 A4VI
1,138480 4,654080 G0III
5,725660 4,773310 M4III
4,704310 3,766150 O8V
4,705760 3,711810 M2V
2,370470 4,735380 O2V
3,786290 5,719180 G8III
6,048250 4,338570 O5V
1,247960 4,003840 G1I
6,397130 4,201840 K8IV
2,625350 5,410860 G5IV
3,815460 3,699290 O9I
7,058590 4,671480 K9I
3,881050 3,658060 G6VI
1,235580 4,913620 M0II
4,520350 3,214400 K8III
6,718950 5,240580 G0VI
3,917030 6,140610 VII
2,206410 5,121040 A5I
4,841650 3,735190 K3III
4,111560 3,188470 VII
3,728210 5,641380 O6V
4,937740 3,439520 K2I
6,708380 5,183020 G7III
6,734220 5,325770 O6VI
2,654930 5,058420 O6V
3,079860 5,169790 F0IV
7,133740 4,784760 G6IV
1,303350 4,460330 F3II
6,940920 5,333890 K0V
3,868040 5,451010 B3II
7,421400 5,389820 VII
5,523130 3,807270 K9III
4,096900 3,555670 O6I
1,519010 5,084660 K8II
4,760970 4,017050 B7VI
6,611500 4,350130 G5IV
4,205220 5,868130 K9III
6,099910 4,938230 K5III
6,763790 4,781550 B1II
2,647930 5,659300 O2I
4,269300 3,224740 G7IV
4,274860 2,906980 F5II
4,560860 4,078720 M4IV
4,991540 3,471170 F7IV
2,989350 5,094050 G4IV
5,654380 3,825370 G9IV
6,110110 3,981250 VII
3,704490 5,959740 B5II
5,539810 4,428640 K3V
6,218260 4,972490 K9III
6,620950 4,699780 M4II
7,269430 4,790760 G2VI
6,650900 5,167550 F1V
6,268310 4,365810 K8III
6,713400 4,942650 B1I
1,856520 4,188690 A2I
5,016640 3,591320 G8IV
4,236510 6,089100 O3VI
6,897620 5,042080 O2VI
7,020860 5,217640 O6V
5,149050 3,356120 B0VI
7,367890 4,771570 K5I
3,952580 6,387890 F8IV
5,191210 4,295420 K9III
3,828010 5,306530 G0IV
6,371550 4,497950 O7I
1,702120 4,669800 B9VI
5,406390 4,195170 K6II
6,663050 4,711930 A7II
7,075240 5,532840 F4I
1,462920 4,987810 G3III
3,593800 5,224590 F4IV
4,825150 3,768030 G7VI
3,478590 6,185120 O5I
1,401570 4,608730 M2VI
6,233990 4,200760 F0I
5,385250 4,318130 K5III
6,750870 4,999960 B0VI
6,074150 4,181720 VII
3,233200 5,787200 G9IV
1,907450 4,393430 G7VI
2,315970 4,520630 A3I
7,110900 5,129210 G9III
1,343770 4,280070 K7V
2,477210 4,687160 B1VI
5,981670 4,285520 M0III
3,182970 5,692760 G5IV
1,485180 5,035690 O4V
5,599260 3,857660 VII
3,653860 5,265410 K0III
7,173880 4,682000 G0I
6,343430 4,867280 G1IV
7,196830 4,992180 VII
5,502340 4,223420 O4VI
2,417440 5,442830 K1V
4,229270 3,566550 M5III
2,255600 5,484600 B0VI
7,504510 5,023150 O2V
4,511700 3,495340 G5V
3,054910 5,560260 M5I
4,347630 3,580790 B1I
2,551720 5,618090 VII
3,517970 6,120640 A0IV
5,858560 4,047500 VII
3,586760 6,217780 F6VI
4,085330 3,609700 VII
6,675630 4,739790 K8VI
5,832220 4,339100 F7I
6,458550 5,135630 K8III
1,972960 4,799330 K0V
5,730070 3,785640 K6III
4,372180 6,359310 G4IV
1,803060 4,649750 G5IV
3,730570 6,327120 O2I
4,621280 5,858530 O9I
3,484660 6,029790 O5V
5,264590 3,961990 G3IV
3,576460 5,987930 O7I
7,463210 4,705470 G0IV
6,961730 4,666520 F9II
5,270290 3,440570 K2III
7,390080 4,838260 O6V
5,899420 4,298300 M1V
6,679170 5,023110 O8V
4,681500 3,834720 F1IV
1,947070 4,278940 O0V
6,673210 4,449380 A9I
3,269760 5,135820 M2VI
6,038520 4,995170 VII
2,634170 5,736430 K4II
5,909160 4,264790 K0I
4,323250 3,387310 K6III
5,527490 4,106300 O7V
5,350860 4,224140 B7VI
1,632280 4,972780 M4III
5,446740 4,037610 VII
2,550060 5,085250 G9IV
3,143940 5,993210 O9V
2,093550 4,638030 B7VI
4,657660 3,131180 B7VI
1,209900 4,941950 O9I
6,203470 4,749610 G5IV
0,925050 4,636850 O7V
3,483210 5,359050 G1IV
2,546620 4,852080 B5V
1,532640 4,323490 VII
4,551750 3,090100 K2III
3,206050 5,191670 G1IV
2,163040 4,590320 F5IV
1,330100 4,690330 O7I
4,463390 3,859230 B1II
4,620250 5,936150 B1VI
3,274670 5,297800 VII
4,813820 3,584430 O3V
6,317950 4,142980 M1II
4,595740 3,411710 O9I
2,140870 4,631020 F2II
5,235740 3,609040 G4VI
1,314760 4,827440 B4I
6,132830 4,072340 O2I
4,303780 3,803450 K9V
3,247050 4,988310 F6I
6,383920 4,389590 VII
4,243360 3,595060 B2II
5,957520 4,417340 VII
1,314710 4,419050 B7VI
3,714350 6,358670 O9VI
2,738010 5,784150 G8VI
4,192600 5,517880 B3VI
4,807410 3,688420 VII
6,000480 4,392380 K8III
3,710330 5,863290 K7VI
1,169870 4,188030 A2I
1,008300 4,491380 F5V
1,301190 4,386430 M2III
2,893170 5,156270 A9VI
2,582670 5,102600 K0III
6,297050 4,726860 K9VI
7,013350 4,691640 K3III
4,567800 6,082960 O7V
7,211700 5,209480 B8II
5,031710 3,702500 VII
3,514870 5,734200 A6I
7,210510 5,577550 G3III
4,848680 4,278900 G4III
2,575130 5,131430 G1I
5,860690 4,752570 F4II
2,357870 5,492390 K5II
6,411920 4,325620 K2VI
1,771770 4,290490 VII
3,505620 5,471580 B6VI
2,152460 4,406310 M3VI
1,971170 4,423500 F1V
6,129630 4,090790 K7III
5,145380 4,361640 A8IV
2,396430 4,772540 G1II
4,338250 5,784520 G9II
5,873830 3,845440 O9I
1,850930 4,907340 VII
2,474790 5,427620 B1III
1,469220 4,770900 B3VI
5,901120 4,898940 F5II
6,857400 5,280860 M0I
4,424730 4,047830 B7VI
7,210630 5,294960 K9III
3,589190 5,779630 G4I
2,256010 5,273300 O2I
2,254550 4,983010 O8V
7,173930 5,217660 F6I
4,934980 3,214050 G4VI
1,453160 4,227000 VII
4,412560 3,209780 G2V
6,694480 4,631900 A2I
4,451990 3,981200 K2III
6,024890 4,223960 K8III
5,118430 4,281310 B9VI
6,948570 5,264250 O8V
1,002520 4,605300 VII
6,941080 5,063200 K8VI
2,712860 4,893250 K5V
4,600380 5,934610 G8IV
6,474410 5,065560 K2I
6,203130 4,191400 G5IV
7,066230 5,343490 G8VI
3,958660 6,069320 VII
6,147000 4,995460 B8III
4,012210 3,555670 G1IV
4,511390 3,511620 B5VI
6,366940 4,500020 O2V
4,207740 6,477930 F5IV
3,766230 5,965380 K7V
3,987080 6,285300 B4VI
4,028950 6,085470 M0II
4,526690 3,746740 B8III
2,285270 4,465770 O1V
2,292100 5,463320 VII
2,967440 5,766030 VII
5,738870 4,217040 B3VI
2,954510 5,132870 A5II
7,476110 4,766770 B6I
2,447540 5,516670 A6II
6,291280 4,172680 B9IV
2,909250 5,250520 O2V
7,088170 5,507490 M4III
3,410350 5,114590 O6V
7,316130 5,209550 VII
5,125020 3,551840 B9II
1,758630 4,225640 K7III
7,395310 4,955580 O0V
2,047620 4,852210 VII
1,170330 4,415770 M2VI
5,834850 3,988870 G4IV
1,636170 4,065780 G2I
2,635870 4,921250 VII
5,647930 4,111010 M0VI
2,617200 5,385610 G6IV
7,378670 5,110590 B3VI
6,919790 4,887350 VII
6,663970 4,380550 B2VI
1,799000 4,180000 VII
5,024310 4,021980 O6V
6,541520 4,712890 O5V
2,911410 4,975750 VII
4,135690 3,802240 G8III
4,594130 4,129760 B8II
4,279170 3,165460 A7II
4,463420 5,862450 G5I
3,363350 5,983590 K7IV
3,841510 6,220410 G5I
1,813290 4,271840 M5II
1,338610 4,340120 G7VI
0,872830 4,686470 VII
6,896550 4,788050 K3III
7,226020 5,642060 VII
5,802180 4,198940 G3V
7,235830 5,369270 K2V
3,931250 3,724100 G7VI
3,516750 5,711480 M3IV
5,935980 4,217690 B4II
5,418430 4,228890 K8I
5,111180 3,903040 O7V
2,906050 5,750110 O4V
6,064000 3,982770 VII
7,297810 5,429190 O3V
6,826640 4,977820 B7I
6,553060 5,034310 K4III
6,138230 4,066990 M0III
1,742410 5,111680 M1II
2,058840 4,598000 K3III
6,466110 5,168640 B4VI
5,288070 3,989160 G2IV
5,109970 4,117820 K5VI
5,463830 3,903180 B5VI
3,678380 5,397630 M2V
5,133900 3,622310 G1IV
3,193690 5,309790 G3V
5,283060 3,590110 G9I
3,246210 5,178170 VII
4,878390 3,703020 M3V
2,090190 5,194940 O4V
4,363010 6,436240 F9V
5,720940 4,649900 VII
1,910860 5,343700 G0IV
4,334790 3,388070 O8I
4,933470 3,937540 K5III
6,937170 5,301310 O7I
4,786860 4,221720 VII
4,305900 3,298300 O8I
2,628250 4,844150 G7IV
3,707630 5,704180 G2III
5,708710 4,578000 B0VI
6,816490 5,306720 K5III
5,819240 3,815860 VII
2,982780 5,577680 O2I
7,362830 5,415390 K4III
5,123990 3,814750 VII
4,340510 6,098460 VII
7,081050 4,958260 O8I
4,340280 3,291060 K9I
5,985040 3,964100 G3V
6,354000 4,440720 F6II
5,573310 4,566790 VII
3,956550 3,616910 VII
5,227610 4,495670 O6I
3,354320 5,568460 B0II
2,247410 5,135470 G2IV
6,472900 4,486400 A7III
1,839530 4,260290 A1II
3,086180 5,438130 VII
4,919150 3,677160 O5V
4,231120 3,192930 G8III
5,819120 4,545430 F9II
6,006720 4,274040 B1VI
4,644130 3,728550 F8I
4,731990 3,600040 F6I
3,785920 5,807570 O5I
2,202750 5,098580 B6II
6,042190 4,275390 O7III
2,804020 5,683450 G2II
2,433200 5,299710 VII
2,045000 4,497480 VII
3,390250 5,301160 G3V
1,766790 4,240850 G1I
4,124180 5,566930 K1III
7,575960 4,966770 VII
6,519740 4,166190 VII
4,201020 3,814010 G6I
1,317140 4,789550 K6II
2,298540 4,807070 F3IV
1,573460 4,132390 M5III
6,530180 5,010820 K7III
4,377060 5,965100 K6III
1,504020 4,705970 K4VI
1,435340 4,369920 F8II
3,536740 5,904130 VII
7,362470 5,232010 VII
4,271250 2,995270 B1II
6,102740 4,818860 B1II
6,724730 4,918880 B4II
2,359270 4,725570 G3IV
1,514450 4,754200 K4VI
7,047040 4,634210 K1II
1,400340 4,272250 G7IV
5,145350 4,376560 B4I
7,315940 5,403760 VII
4,341290 3,042790 O9I
4,696920 3,684520 A7II
2,155750 4,855860 VII
5,502300 4,363850 O8I
5,575420 4,264600 B0VI
4,201880 5,927480 O2V
7,370340 4,977530 B1II
3,057540 5,363170 O6V
4,110000 5,943920 VII
5,361010 4,214340 K2III
7,197430 4,565500 VII
7,494650 5,237780 K4III
4,025100 6,432650 G4I
6,680450 4,576920 A3I
7,067380 5,348960 B2VI
7,139120 4,860850 VII
6,808070 4,344520 G3I
5,098810 3,702080 K7VI
4,785910 3,830440 K3VI
2,330650 4,602060 VII
4,250750 6,617920 M0VI
2,977900 5,532500 A1IV
6,955220 4,816900 A5V
4,729130 3,103340 G2I
5,407110 4,353850 K2III
1,927080 4,530580 G7IV
4,679270 4,145930 F4IV
4,265210 3,734460 A8I
5,507990 4,583400 A3I
1,809730 4,366740 B0I
6,172040 4,086600 O8VI
2,585880 5,067010 VII
4,616290 3,586070 VII
4,080390 3,389210 A0IV
6,297300 4,079910 M2I
3,846580 5,476690 A2I
6,986320 5,522050 M0VI
3,275250 5,122760 F8II
2,194650 4,448970 K3II
4,372310 3,841190 B6V
2,915190 5,702750 O9I
7,269680 4,612760 O5V
4,687800 3,340670 B2V
5,348800 4,256030 K0VI
4,878460 4,328830 K7III
6,892970 4,444040 VII
3,496430 6,256950 O6V
4,556180 4,072100 K8III
3,640830 6,268570 G0IV
1,880220 4,715180 M4III
3,729200 5,588500 M1II
0,912020 4,713310 K5I
6,106870 4,787240 G4IV
6,378920 5,100480 K9II
2,826400 5,774630 K3V
5,931960 4,718650 K4III
6,533710 4,898600 K3V
4,204470 3,061370 B0I
5,728960 4,328560 O6V
6,835730 5,149210 M3I
4,929120 4,012540 G8III
5,896630 4,302530 B5II
6,118230 5,030630 K3III
1,278980 4,045460 VII
2,327220 4,646460 M0V
4,843940 3,317330 G9IV
1,995490 4,583100 A2I
2,852660 5,290710 VII
1,684880 5,115350 B0II
3,367960 5,723010 VII
1,646230 4,412040 K2V
4,464730 3,397130 VII
4,326920 3,333630 VII
5,728140 4,790070 F6VI
3,933100 6,037880 K0I
3,327110 5,693480 G4IV
3,119360 4,896420 K5III
3,863280 5,381210 M2V
2,039400 4,275310 VII
4,318200 6,015750 O8I
2,782250 5,491340 F0IV
6,821840 4,553080 K2V
4,608670 3,758930 B1VI
5,295050 4,250220 F7I
7,515620 5,138780 G9I
1,847620 4,928850 VII
2,986130 5,497120 M0I
2,965810 5,513140 G9IV
6,370400 4,920180 O8I
5,683860 4,428320 K2II
3,243600 5,906130 B9VI
3,444090 5,307710 G9IV
5,318630 3,735670 K4II
5,986650 4,077830 B6VI
3,076870 5,995450 B4I
1,880310 4,566460 O5V
5,270830 3,947170 O7V
4,217510 5,747370 K0I
4,989460 4,115800 O5V
1,884470 5,231380 G5II
1,833580 4,818700 F9II
1,832030 4,738210 G6IV
4,696080 4,087610 G0I
2,814460 4,919870 B7II
1,116850 4,551220 O8V
4,781270 4,094670 F7IV
7,368790 5,009740 M3I
7,155010 4,657840 F2I
6,454330 5,086110 F4IV
4,230580 3,666260 F0VI
4,514460 3,510070 K6III
6,494910 4,315570 K8II
4,821890 3,342190 F0II
4,903220 3,827990 G2I
3,425320 6,072000 VII
4,759530 3,818840 G2IV
0,947600 4,673350 F2II
6,792820 4,969080 O9V
2,825960 4,885040 K6V
4,869360 3,689570 K2II
4,210660 6,534840 K2III
3,512750 5,837850 F1II
7,304590 4,904690 G3IV
6,460650 4,821000 G9V
7,112550 5,499070 O5I
3,196640 5,465920 B2II
4,317020 3,822540 G3IV
5,884120 4,856760 M0V
2,062930 4,425570 VII
6,826870 4,950770 G9IV
7,005910 5,494060 M0III
2,279290 5,157090 VII
4,302060 3,016550 O0V
6,104280 5,024030 VII
4,174510 3,490110 M5VI
6,960200 5,101340 VII
1,918210 4,796450 G0VI
6,815900 4,723730 VII
7,498090 4,744640 M4VI
5,045330 3,904960 K9V
5,755990 3,852250 B4I
6,556600 4,676150 O6VI
1,621020 4,613810 O7V
5,198030 4,388940 B4VI
5,820390 4,659120 VII
4,325500 3,249880 VII
3,221750 5,399590 B6VI
7,009600 4,664790 VII
0,932130 4,779090 B7VI
7,454060 5,022670 O2V
5,635170 3,765210 VII
3,181500 5,973360 A7II
4,546760 2,993340 A4II
4,909290 4,266340 O3I
4,313660 5,915660 VII
2,924610 5,243870 F8II
4,254740 3,601550 K5III
6,181080 4,500950 O7V
2,431460 5,377750 VII
4,212150 3,423290 K8III
0,924890 4,594820 G9III
1,717140 4,302580 G6V
6,554870 4,886060 K1II
4,417680 3,425090 F2IV
4,756700 3,787140 O7III
2,006220 4,685610 M4V
6,162920 4,819870 VII
7,354900 5,477360 K9I
6,385220 5,184110 VII
3,999080 6,172950 O8V
3,399500 5,217460 O6I
3,815200 5,498060 G0I
5,925830 4,250000 F0I
3,033140 5,605910 K1I
1,425480 4,190500 G7II
3,608460 5,912770 M3IV
4,738190 4,239480 K9III
4,697280 3,169570 A5I
4,695280 3,969270 K9III
4,499300 3,134790 K8II
2,605720 4,813110 A4II
2,514820 4,871670 K2III
5,075540 4,222210 O3V
5,584050 4,658520 K0III
7,215630 4,681250 B2VI
4,231930 3,501530 B7VI
3,807860 6,268530 A1I
4,693960 3,522090 G0I
5,725280 4,593760 VII
2,311830 4,748910 A5I
3,171790 5,468290 O9VI
6,579810 5,259010 B9VI
7,138240 5,567490 O6V
1,843690 5,284360 O6I
1,696250 4,537330 G2II
1,825620 4,261760 B8II
1,744740 4,963080 VII
3,027400 5,337450 B1VI
4,491420 3,522250 G4IV
6,252490 4,274290 O7III
3,858890 5,519180 VII
1,503970 4,938510 M0III
6,689260 4,647040 VII
7,223020 5,657120 G5IV
3,266210 5,788320 K0II
2,758690 5,069950 B0VI
1,246080 4,186640 K6III
5,085900 3,929250 G9IV
5,572240 4,546220 G2IV
4,345790 3,996130 A6IV
6,950900 4,673160 K4III
1,375150 3,903780 G7IV
3,473900 6,214050 K1I
1,770650 4,248830 K0I
7,584320 4,997850 A8II
5,207080 3,768480 G4IV
5,674310 4,206440 K7I
5,464200 4,110030 F7V
4,920740 3,429110 O7V
6,146230 4,777410 G3IV
4,828200 4,005760 K8III
1,878380 4,310630 B3VI
7,192220 4,533430 VII
2,203760 4,557960 B0III
6,465140 5,061700 O6V
6,723940 4,886540 VII
5,742430 4,061710 G7III
6,439210 5,099080 VII
4,752130 3,802930 G9IV
1,817690 4,914940 F3V
3,494030 5,545350 G9III
1,752930 4,201720 K8III
1,598310 4,839390 VII
3,524840 5,223490 G3II
4,169900 3,635000 VII
1,366230 4,488310 VII
1,816580 4,396040 B3II
5,066570 3,806080 O3V
2,709450 4,830920 O5V
2,473790 5,167190 O0V
1,868610 4,420040 G5III
6,347340 4,615150 F2IV
2,914760 5,895570 A4II
4,809840 3,708010 M2II
5,844320 4,234630 M0II
3,043800 5,439790 O7VI
6,522470 4,236870 G3IV
4,465130 6,096740 G7I
4,122490 3,511280 B7VI
4,009510 3,486060 M1III
3,335940 5,342160 VII
4,711190 3,421130 K8II
7,224630 5,447040 A0II
2,735430 4,757060 F3I
5,861350 4,415440 O4I
7,268350 4,649980 G0I
1,118270 4,364310 F4II
6,701840 4,599510 VII
0,893590 4,739630 B6VI
7,362600 4,687910 O7VI
4,539800 3,679200 M1II
2,421840 5,303040 G3IV
6,309540 4,287740 M1VI
6,740740 5,184420 B6II
7,358770 4,785010 K6II
5,697240 4,175180 K3V
2,170240 5,163490 VII
2,322120 5,484480 VII
6,020340 4,066070 O2VI
5,748640 4,786210 F5I
7,448040 4,962870 G7VI
2,376690 4,614310 M1V
