1 2 54.9
1 65 56.0
1 97 11.1
2 3 7.4
2 55 25.9
2 79 83.5
3 4 12.6
3 12 99.6
3 48 74.6
4 5 7.8
4 14 18.2
4 49 38.4
4 77 55.5
5 6 56.2
5 26 90.9
5 92 26.2
6 7 2.4
6 31 63.8
6 55 92.5
7 8 26.2
7 29 54.9
8 9 18.4
8 47 64.0
8 61 8.6
9 10 62.8
9 16 50.8
9 31 57.9
9 66 86.1
10 11 90.1
10 13 5.2
11 12 68.8
11 26 80.1
11 82 56.0
12 13 53.7
12 47 20.0
13 14 57.1
13 49 33.4
14 15 77.5
14 72 5.1
14 79 83.1
15 16 9.8
15 22 80.1
15 74 20.4
16 17 73.3
17 18 2.4
18 19 16.7
18 26 73.0
18 78 76.3
19 20 53.6
19 32 19.6
19 47 23.2
20 21 7.1
20 50 62.5
20 75 46.3
21 22 31.2
22 23 54.0
22 28 12.6
22 46 42.8
23 24 97.6
24 25 71.8
24 78 19.2
25 26 49.2
26 27 42.1
27 28 30.2
27 75 36.4
28 29 63.2
28 34 46.4
28 39 67.3
29 30 51.0
29 38 10.6
29 64 42.8
29 94 17.8
30 31 3.8
30 44 46.3
30 83 34.4
31 32 12.8
31 58 78.2
32 33 15.5
33 34 1.3
34 35 18.6
35 36 55.1
36 37 64.2
36 54 1.1
37 38 57.5
38 39 47.5
38 72 26.4
39 40 15.8
39 75 4.9
39 83 22.5
39 92 34.9
40 41 93.7
40 45 22.1
41 42 1.4
41 93 93.2
42 43 11.0
43 44 13.5
43 48 86.1
43 71 33.9
43 73 12.4
44 45 40.6
44 47 92.2
45 46 84.0
45 49 66.4
45 82 38.4
46 47 13.5
47 48 13.5
48 49 58.7
49 50 12.8
50 51 54.3
51 52 13.2
52 53 15.3
53 54 84.5
53 59 29.2
54 55 18.2
55 56 32.6
56 57 64.5
56 77 7.5
57 58 23.0
57 60 40.7
57 62 61.3
58 59 94.8
58 87 41.0
59 60 77.1
60 61 10.8
60 89 5.7
61 62 24.3
62 63 8.7
63 64 65.5
64 65 71.0
64 82 57.3
65 66 13.9
65 82 31.8
65 90 47.7
66 67 89.5
67 68 5.2
68 69 37.0
68 91 90.7
69 70 80.2
70 71 73.6
71 72 81.4
72 73 1.4
73 74 82.6
73 92 13.1
73 94 49.9
74 75 7.9
74 100 92.7
75 76 90.6
75 83 42.9
76 77 55.6
76 88 41.9
77 78 78.0
77 90 19.3
78 79 69.9
78 87 97.5
79 80 63.7
80 81 15.5
80 91 81.8
80 97 18.5
81 82 25.2
82 83 27.3
83 84 95.0
84 85 91.4
85 86 7.6
86 87 34.1
87 88 85.5
88 89 84.7
88 90 50.3
88 97 28.3
89 90 22.8
90 91 28.5
91 92 45.4
92 93 70.1
92 96 9.6
93 94 27.5
94 95 71.4
95 96 45.9
96 97 48.7
97 98 49.6
98 99 49.0
99 100 18.2
