1 2 14.9
2 3 66.8
2 66 47.9
3 4 59.4
4 5 81.6
4 23 42.5
4 54 30.6
5 6 82.8
5 7 72.4
5 43 64.1
5 92 2.9
5 95 20.8
6 7 83.9
6 18 5.1
6 42 36.9
6 63 66.9
7 8 7.3
7 24 60.4
7 84 5.5
8 9 84.1
9 10 48.0
9 50 89.6
9 59 85.9
9 93 6.1
10 11 23.5
11 12 24.3
11 13 58.7
12 13 57.9
12 73 91.8
12 96 4.2
13 14 79.6
13 64 95.4
14 15 12.3
14 61 6.6
14 62 20.1
15 16 29.0
15 33 47.8
16 17 5.9
17 18 23.8
17 39 4.6
17 49 98.9
17 52 76.6
17 82 57.2
17 87 75.5
17 95 85.7
18 19 62.0
18 37 47.6
19 20 37.6
20 21 21.6
20 56 60.8
20 86 33.0
21 22 55.0
21 53 59.1
22 23 5.7
22 43 57.3
22 46 94.0
22 85 43.5
22 100 69.9
23 24 30.7
23 31 78.1
23 87 13.3
24 25 16.2
25 26 39.9
25 47 2.0
25 69 87.3
25 81 56.7
26 27 87.1
27 28 92.0
28 29 27.1
28 90 68.2
29 30 70.0
29 87 73.5
30 31 73.7
30 65 50.4
31 32 98.9
31 37 63.0
32 33 5.9
32 62 59.4
33 34 60.8
33 50 93.8
33 93 22.7
34 35 28.4
34 39 99.4
35 36 57.1
36 37 87.8
37 38 27.6
38 39 94.5
38 79 61.3
39 40 22.0
40 41 50.3
41 42 71.1
41 78 64.0
41 94 90.2
42 43 43.0
42 49 21.7
42 66 44.7
43 44 19.5
44 45 95.2
44 63 99.1
44 100 59.6
45 46 63.1
46 47 15.2
47 48 60.1
48 49 52.6
48 71 66.8
48 94 75.7
49 50 61.0
49 100 82.7
50 51 10.2
50 96 25.4
51 52 99.9
51 74 96.7
52 53 56.5
53 54 54.7
53 87 50.0
54 55 36.1
54 90 2.7
55 56 24.8
55 74 74.3
56 57 12.6
56 94 7.0
57 58 26.1
58 59 18.1
58 68 35.9
59 60 1.1
60 61 92.7
60 62 41.3
60 90 14.0
61 62 24.7
61 75 99.6
62 63 77.0
63 64 42.4
64 65 93.7
65 66 83.6
66 67 9.2
66 100 26.6
67 68 40.1
68 69 34.4
68 80 89.5
69 70 53.5
70 71 35.7
71 72 61.8
72 73 55.0
73 74 43.0
74 75 29.1
74 96 4.2
75 76 12.7
75 100 65.7
76 77 14.1
77 78 66.1
78 79 2.8
79 80 91.2
80 81 53.9
80 93 95.0
81 82 46.2
82 83 3.0
83 84 3.1
83 98 97.4
83 99 6.6
84 85 26.4
85 86 30.7
85 91 26.9
85 94 89.7
86 87 5.9
87 88 40.7
88 89 38.0
88 96 88.0
89 90 57.7
89 98 65.0
90 91 7.3
91 92 98.6
91 96 30.5
92 93 21.5
93 94 16.3
94 95 39.6
95 96 2.6
96 97 66.7
97 98 82.0
98 99 27.1
99 100 76.3
