1 2 28.9
1 43 18.9
1 80 27.4
2 3 17.2
2 28 90.8
2 94 61.5
3 4 30.7
3 28 57.3
4 5 16.0
4 90 48.0
5 6 7.3
5 90 4.4
6 7 50.5
6 70 87.3
7 8 68.6
8 9 67.0
8 27 69.9
8 51 99.1
8 82 53.0
9 10 44.0
9 20 57.3
9 44 65.8
9 49 39.2
9 62 69.3
9 64 63.5
10 11 67.2
10 22 60.4
10 37 10.7
11 12 28.8
11 34 99.4
11 55 43.9
11 77 52.1
12 13 29.6
13 14 95.5
14 15 68.5
14 30 38.8
14 36 99.9
14 41 59.9
14 68 51.2
14 79 72.3
14 85 66.9
15 16 78.4
16 17 99.4
16 74 99.9
17 18 42.4
17 51 57.8
17 72 87.7
17 88 55.6
18 19 94.8
18 52 3.0
18 54 82.9
19 20 49.8
19 59 4.4
20 21 15.9
20 77 12.1
21 22 13.4
21 64 26.9
21 66 21.5
21 92 8.7
21 95 19.2
22 23 11.6
22 41 24.3
22 95 80.3
23 24 33.1
23 45 4.1
23 47 60.8
24 25 70.7
25 26 59.1
26 27 50.5
27 28 76.8
27 53 10.0
27 60 29.6
27 66 41.0
28 29 2.9
29 30 40.9
30 31 15.7
31 32 15.1
31 70 79.5
31 81 25.8
32 33 71.5
33 34 76.0
33 35 55.9
34 35 85.3
34 51 5.0
34 97 77.8
35 36 39.8
35 100 27.8
36 37 88.8
36 50 21.3
36 93 95.6
37 38 4.2
37 46 35.9
37 88 43.6
38 39 16.1
38 53 42.6
39 40 29.3
39 94 41.9
40 41 98.5
40 59 29.8
41 42 50.0
42 43 71.4
43 44 4.2
43 69 3.7
43 88 25.1
44 45 87.8
44 53 68.0
45 46 25.8
45 61 66.7
46 47 52.1
47 48 43.1
48 49 98.8
48 90 70.8
49 50 22.4
50 51 98.3
50 98 61.2
51 52 45.7
51 63 16.5
51 73 53.7
52 53 63.1
53 54 46.1
53 58 8.3
54 55 32.4
55 56 54.3
56 57 39.0
56 61 32.2
57 58 13.5
58 59 68.5
58 82 16.3
59 60 20.7
59 68 70.1
60 61 86.8
61 62 39.3
61 92 34.7
62 63 36.1
63 64 90.2
64 65 2.5
65 66 31.1
66 67 67.3
66 86 83.9
67 68 23.0
68 69 96.2
68 88 56.1
69 70 84.5
70 71 64.9
70 73 91.4
70 90 36.5
71 72 85.5
72 73 36.9
73 74 62.3
73 96 59.5
74 75 15.0
75 76 67.0
76 77 53.9
77 78 28.2
78 79 22.2
79 80 57.3
80 81 98.1
81 82 78.8
82 83 89.0
83 84 15.2
84 85 45.1
84 93 1.0
85 86 82.1
86 87 39.2
86 90 35.0
87 88 73.8
88 89 25.6
89 90 49.7
89 91 61.5
90 91 77.8
91 92 17.0
91 93 69.8
92 93 84.7
93 94 65.3
94 95 50.7
95 96 14.9
96 97 23.4
97 98 49.8
98 99 16.3
99 100 4.6
